camera 610,375,-1500 700,370,1000 40
light 600,400,-1600 0.7 255,255,255
plane 500,20,800 40,255,128 0,1,0 0,0,0 0,0,0
plane 500,730,800 40,255,128 0,1,0 0,0,0 0,0,0
plane 500,370,800 255,142,250 0,0,1 0,0,0 0,0,0
sphere -100,20,400 65 255,0,0 0,0,0 0,0,0
sphere 1300,20,400 65 255,0,0 0,0,0 0,0,0
sphere -100,20,0 65 255,0,0 0,0,0 0,0,0
sphere 1300,20,0 65 255,0,0 0,0,0 0,0,0
sphere -100,730,400 65 255,0,0 0,0,0 0,0,0
sphere 1300,730,400 65 255,0,0 0,0,0 0,0,0
sphere 1300,730,0 65 255,0,0 0,0,0 0,0,0
sphere -100,730,0 65 255,0,0 0,0,0 0,0,0
cylindre -100,375,400  30 100 0,1,0 0,0,255 0,0,0 0,0,0
cylindre 1300,375,400  30 100 0,1,0 0,0,255 0,0,0 0,0,0
cylindre -100,375,0 30 100 0,1,0  0,0,255 0,0,0 0,0,0
cylindre 1300,375,0  30 100 0,1,0 0,0,255 0,0,0 0,0,0
